2, 3, 5, 7, 11, 13, 17, 19, 23, 29, 31, 37, 41, 43, 47, 53, 59, 61, 67, 71, 73, 79, 83, 89, 97 
Primos de 101 a 150,Primos de 151 a 200
101,151
103,157
107,163
109,167
113,173
127,179
131,181
137,191
139,193
149,197
,199
21 primos
Primos de 201 a 250,Primos de 251 a 300
211,251
223,257
227,263
229,269
233,271
239,277
241,281
,283
,293
16 primos
Primos de 301 a 350,Primos de 351 a 400
307,353
311,359
313,367
317,373
331,379
337,383
347,389
349,397
16 primos
Intervalo,Números Primos
401 a 450,"401, 409, 419, 421, 431, 433, 439, 443, 449"
451 a 500,"457, 461, 463, 467, 479, 487, 491, 499"
18 primos
Primos de 501 a 550,Primos de 551 a 600
503,557
509,563
521,569
523,571
541,577
547,587
,593
,599
14 primos
Intervalo,Números Primos
601 a 650,"601, 607, 613, 617, 619, 631, 641, 643, 647"
651 a 700,"653, 659, 661, 673, 677, 683, 691"
16 primos
Primos de 701 a 750,Primos de 751 a 800
701,751
709,757
719,761
727,769
733,773
739,787
743,797
14 primos
Intervalo,Números Primos
801 a 850,"809, 811, 821, 823, 827, 829, 839"
851 a 900,"853, 857, 859, 863, 877, 881, 883"
14 primos
Primos de 901 a 950,Primos de 951 a 1000
907,953
911,971
919,977
929,983
937,991
941,997
947,
14 primos
